400.70
389.00
398.00
389.00
377.00
375.00
368.50
363.50
364.50
360.50
360.50
362.00
361.00
356.50
351.50
358.50
363.50
357.80
357.50
359.80
365.50
370.30
367.00
368.00
365.50
363.00
368.00
370.20
374.00
371.50
372.00
375.00
369.50
369.50
371.00
372.50
372.00
367.30
363.50
356.10
355.00
353.50
359.50
357.00
356.50
353.40
354.00
354.00
352.50
356.50
354.00
339.00
328.00
327.50
321.00
317.00
325.00
327.00
306.50
320.50
330.50
329.00
319.50
317.30
330.50
318.00
300.00
301.50
312.00
304.50
308.00
298.10
297.00
302.80
302.80
302.80
304.50
309.60
302.40
302.00
298.80
307.50
307.00
311.50
320.00
324.50
324.50
320.00
318.00
316.00
315.30
316.00
311.00
317.50
314.00
312.70
314.00
321.00
315.80
317.00
318.50
317.80
317.50
322.40
319.80
318.50
320.00
319.00
332.00
338.50
344.50
351.50
346.05
340.50
345.00
345.00
340.30
343.80
344.20
339.50
335.30
333.50
330.80
333.00
335.00
331.80
330.50
329.90
338.00
346.70
343.75
336.50
332.70
339.00
334.00
337.00
334.00
326.70
324.50
322.00
324.00
320.00
313.50
316.50
307.50
316.00
315.50
309.00
316.00
319.50
318.60
320.50
322.50
320.50
322.00
323.50
325.00
326.70
321.50
318.00
322.50
321.00
324.70
323.50
315.00
313.50
312.00
310.00
316.40
319.20
318.00
311.50
313.80
309.50
310.00
303.00
303.00
291.00
274.00
262.20
262.00
230.00
233.50
232.00
219.00
229.50
241.60
233.20
217.00
203.00
218.00
225.00
227.00
238.30
249.00
243.00
245.50
245.70
249.00
246.50
243.50
247.00
256.20
264.50
254.50
246.50
255.40
255.00
254.50
251.20
260.50
262.00
272.00
273.00
279.50
270.00
261.20
260.90
268.00
266.50
274.50
273.00
277.00
283.70
279.00
271.00
279.00
271.00
263.00
260.30
268.00
263.80
261.00
264.50
265.00
262.00
253.50
253.50
261.00
263.00
260.80
263.30
269.50
275.00
276.00
268.70
269.50
263.50
259.70
254.50
261.50
257.60
255.50
253.20
252.00
252.00
252.00
252.00
258.00
265.50
265.50
265.50
265.00
269.50
265.50
263.50
261.50
263.20
261.50
264.10
255.50
256.30
253.50
262.00
262.30
262.00
262.20
269.00
269.50
266.00
268.50
266.00
259.50
260.50
258.50
251.20
244.00
236.00
250.00
252.00
257.00
253.50
255.50
260.50
254.50
252.00
245.00
246.00
248.00
245.00
247.50
248.00
251.50
258.80
259.50
264.30
267.00
268.00
269.00
274.50
276.00
274.00
270.00
271.50
279.00
282.50
285.00
279.00
277.00
271.10
268.50
273.00
270.00
271.00
271.00
