48.45
48.50
48.00
48.80
48.80
48.25
47.55
46.00
46.45
46.45
46.70
47.53
46.50
46.05
44.25
45.60
45.85
44.95
45.00
45.75
45.85
46.13
47.10
47.85
47.90
47.95
47.55
47.60
47.30
46.90
46.60
46.40
47.40
47.75
47.20
48.00
47.90
47.70
47.15
46.60
47.90
48.55
48.80
48.60
48.65
49.10
49.50
50.40
50.20
49.70
49.20
48.35
46.25
47.00
46.35
46.40
46.60
45.15
42.55
42.95
44.20
45.55
45.10
45.60
44.80
44.20
43.80
44.00
44.20
44.50
46.00
46.00
46.75
47.50
47.50
47.50
47.40
48.40
49.30
48.75
48.50
49.80
48.25
49.50
48.10
48.00
48.00
47.00
45.50
47.10
47.15
47.90
48.40
48.65
48.45
47.70
47.85
48.80
49.35
49.65
49.70
49.70
49.35
48.50
48.20
48.25
47.05
46.90
47.75
47.30
47.60
47.65
47.10
47.30
46.85
46.80
46.20
46.10
45.50
44.95
44.70
44.90
44.50
43.55
43.00
43.50
43.60
43.75
45.10
46.30
46.70
46.60
47.15
46.80
46.30
46.50
46.35
46.30
47.00
47.40
47.40
47.15
46.55
47.00
47.30
46.85
46.40
44.65
44.70
45.51
46.10
46.65
46.40
45.80
45.60
46.05
45.55
44.25
44.20
44.90
44.90
44.85
44.55
44.30
43.90
44.20
45.00
45.65
45.20
46.00
46.00
46.22
46.20
45.50
45.30
45.40
46.90
46.20
45.30
44.90
43.65
41.50
40.50
40.15
37.40
37.90
36.00
34.30
31.65
32.00
35.40
35.50
36.50
36.60
38.60
37.60
36.95
37.10
37.35
38.15
38.10
38.60
39.50
39.75
40.80
39.30
39.10
39.08
38.20
37.75
37.90
39.10
39.30
38.25
38.95
38.60
37.18
37.40
38.50
37.60
38.90
39.10
40.55
41.55
41.00
40.00
41.60
40.85
40.90
41.65
42.90
43.20
42.80
42.70
42.68
43.30
43.00
42.80
42.90
42.95
42.60
42.55
43.80
43.80
43.00
42.75
42.60
41.80
41.00
40.75
41.05
41.60
40.95
40.70
40.50
40.50
40.50
40.50
41.60
41.85
41.85
41.85
41.95
43.00
42.75
43.50
42.50
43.15
42.90
43.10
42.00
42.05
42.20
42.95
43.10
43.00
42.98
43.95
45.00
45.20
44.80
44.00
44.60
45.00
44.80
45.00
44.99
43.90
42.90
42.75
43.60
43.60
43.25
41.70
41.25
41.35
40.80
40.80
42.25
42.60
42.65
43.20
44.20
44.55
44.75
46.00
45.90
46.20
46.75
47.20
46.50
46.35
45.90
46.22
47.22
46.90
46.80
46.95
46.70
47.18
46.75
46.65
46.10
46.50
46.50
