30.50
30.60
30.00
31.30
32.20
32.80
32.20
31.50
32.10
32.00
31.80
31.60
31.90
32.20
31.90
31.80
32.30
32.85
33.00
32.50
32.75
32.95
32.65
31.95
31.40
30.60
30.55
30.50
30.35
30.80
30.85
30.90
30.75
30.90
30.50
30.40
30.10
29.30
28.95
28.50
28.50
28.85
28.70
28.30
28.30
28.30
28.50
28.70
29.30
30.25
30.15
29.90
29.40
29.70
29.85
29.70
29.60
29.00
28.20
28.40
28.70
29.00
29.55
30.40
31.60
30.50
30.20
30.10
30.45
30.70
30.90
31.30
31.00
31.00
31.00
31.00
30.85
31.10
31.20
31.30
31.15
31.55
31.75
31.80
31.70
31.80
31.80
31.95
31.80
32.15
32.15
32.35
32.20
32.25
32.25
32.05
32.10
32.25
32.10
32.55
32.45
32.10
31.90
32.00
31.60
30.60
30.20
29.75
29.40
29.20
29.30
29.30
29.25
29.40
29.50
29.45
28.85
29.50
28.80
28.65
28.75
29.25
29.30
29.25
29.55
29.75
30.00
30.00
29.65
29.85
29.80
29.85
28.95
28.30
28.25
28.60
28.15
27.60
27.50
27.35
27.40
27.40
26.90
27.15
26.90
26.90
26.40
25.70
25.85
26.10
26.00
26.05
26.70
26.50
26.10
25.50
26.25
26.25
26.80
26.30
26.95
27.45
27.10
27.20
27.00
26.70
26.50
26.80
26.75
27.00
27.00
26.70
26.70
26.45
27.45
26.90
27.05
26.30
24.90
24.35
23.40
20.50
20.90
21.00
20.00
20.00
19.20
17.90
15.70
15.80
16.60
17.50
17.40
17.40
18.10
16.85
17.05
17.20
17.75
18.00
17.40
17.20
17.60
17.65
17.40
16.25
16.90
17.15
17.05
16.70
16.75
16.70
17.80
17.90
18.00
17.90
17.50
18.20
18.00
17.80
18.95
18.95
19.45
20.05
19.25
18.90
19.75
19.75
20.30
20.65
21.35
21.15
21.50
21.30
21.35
21.35
20.65
20.20
19.40
19.40
19.00
18.85
19.45
19.95
19.20
18.70
18.50
17.70
17.30
17.30
17.95
17.40
17.00
17.15
17.05
17.05
17.05
17.05
17.20
17.35
17.35
17.35
17.80
17.95
18.35
18.35
18.45
18.30
17.85
17.95
17.45
17.65
17.30
18.65
18.70
18.55
18.75
18.80
19.30
19.45
19.75
19.60
19.20
19.00
19.20
19.00
18.70
18.50
18.55
18.35
18.40
18.40
18.30
18.50
18.35
18.45
18.45
18.45
18.50
18.25
18.40
18.40
18.65
19.10
19.40
19.65
19.50
20.15
20.30
20.75
21.00
20.60
20.50
20.55
20.80
20.80
20.85
20.95
20.85
20.80
20.60
20.30
20.20
20.52
20.52
