45.20
45.10
45.00
47.10
46.60
47.00
46.00
44.00
45.20
44.10
44.50
44.60
47.00
48.00
48.80
50.00
50.25
50.30
51.50
52.90
51.35
49.80
50.90
50.40
49.30
50.15
52.10
52.00
53.45
52.35
53.40
55.10
55.20
55.10
54.90
55.15
56.20
57.20
54.65
52.60
52.30
52.80
53.35
52.70
52.60
54.00
56.20
55.65
55.30
55.85
55.00
53.10
50.30
51.10
51.00
50.50
51.60
50.50
47.80
49.30
50.95
50.90
49.90
51.00
50.10
51.00
49.95
49.70
50.70
51.40
53.00
54.70
54.10
52.40
52.40
52.40
51.90
54.30
54.65
54.90
54.90
56.00
54.95
55.40
54.40
56.45
56.45
57.20
56.50
57.00
56.50
56.10
56.40
56.60
57.00
56.50
56.30
56.35
56.80
56.90
56.90
56.80
56.30
56.50
56.25
55.70
54.20
53.60
54.10
53.45
54.10
54.50
54.40
54.10
53.50
53.60
52.70
52.65
51.80
50.80
50.20
50.90
50.45
50.20
51.50
52.30
51.00
52.05
52.60
54.20
55.75
55.40
54.90
54.55
53.60
53.90
54.80
56.10
56.90
57.00
57.15
57.10
55.60
55.95
57.55
56.90
56.50
55.30
55.35
56.40
56.05
56.35
56.35
54.75
54.20
54.00
54.40
53.70
52.90
52.50
52.70
53.40
52.15
50.80
47.70
48.20
48.78
49.60
50.70
51.65
50.90
50.15
49.45
47.90
48.10
46.50
49.05
48.00
47.95
45.10
43.90
40.20
39.10
37.80
34.90
36.80
35.70
33.00
30.40
30.80
32.10
30.85
31.50
31.00
32.60
33.90
34.80
35.90
37.75
36.95
37.00
36.60
38.20
39.30
38.10
37.40
38.35
38.85
38.60
37.45
39.00
40.50
41.55
40.35
42.50
41.05
39.00
38.75
39.65
39.25
40.20
39.95
40.50
41.25
41.40
40.70
42.80
43.95
44.75
44.70
47.50
47.00
46.45
47.00
49.20
50.20
48.35
47.31
46.10
46.90
46.80
46.40
47.85
48.90
48.85
47.15
46.15
44.80
44.40
44.10
45.80
45.40
44.70
44.65
45.40
45.40
45.40
45.40
47.20
48.10
48.10
48.10
47.90
49.30
50.70
49.35
49.10
49.00
47.10
47.70
46.60
46.05
45.70
46.80
46.90
46.25
46.20
46.70
47.10
47.10
48.30
47.24
47.40
47.00
46.80
45.00
44.40
43.00
42.40
42.95
43.15
42.90
43.90
43.20
42.50
42.40
40.80
41.60
43.80
43.30
45.30
45.60
46.20
46.30
47.70
49.70
49.50
48.85
49.10
49.75
50.00
50.12
50.10
50.90
52.60
53.40
54.15
53.05
52.30
53.60
52.20
53.50
52.00
52.05
52.05
