32.10
31.49
33.65
34.55
34.75
33.85
33.05
33.40
34.63
37.20
37.45
36.85
37.90
38.60
38.99
36.75
36.90
35.80
35.02
35.00
35.75
36.10
35.86
35.30
34.10
33.70
34.45
33.10
33.09
31.65
31.90
30.85
28.68
28.65
27.20
26.95
26.88
25.40
25.00
24.80
26.40
27.10
26.40
26.10
27.60
27.90
28.60
29.10
27.55
26.80
25.83
26.20
24.70
26.30
26.00
25.10
26.60
24.91
23.82
24.91
25.85
27.85
27.00
27.05
26.70
26.30
25.10
26.40
27.15
26.27
26.40
28.85
28.25
28.52
28.52
28.52
27.55
30.01
30.06
29.20
28.95
29.30
28.70
28.25
28.52
29.40
29.40
28.20
26.93
27.30
27.51
26.90
26.37
26.70
26.29
25.78
25.75
25.85
25.99
25.51
26.00
26.90
26.51
26.83
26.67
26.37
25.64
24.10
24.43
24.68
24.80
24.56
23.50
23.40
23.56
23.79
23.63
24.55
24.30
24.47
23.55
23.90
24.25
25.05
24.83
24.00
24.20
24.18
25.65
26.66
27.70
27.30
27.10
27.17
26.24
26.30
26.31
26.00
26.69
26.67
26.01
25.80
25.30
25.31
25.21
25.11
24.70
23.60
24.18
25.25
25.60
25.39
24.48
24.11
23.99
24.34
23.46
21.39
20.28
19.37
19.20
19.81
19.09
18.08
17.32
17.29
17.22
16.36
16.69
18.05
18.03
17.52
17.79
16.94
17.00
16.49
16.48
15.89
15.58
14.89
15.21
14.35
15.12
15.27
14.94
15.64
15.97
16.09
16.01
16.00
16.80
16.64
16.91
16.60
17.09
16.48
16.40
16.71
17.43
17.80
18.10
17.95
18.50
18.05
17.45
17.40
18.12
18.20
17.87
17.38
17.82
18.30
19.23
18.52
19.02
18.16
17.47
17.10
17.29
16.93
17.20
17.14
17.90
18.92
18.95
18.68
19.00
19.32
20.01
19.96
20.50
19.40
19.10
19.47
19.35
19.00
18.60
18.10
18.10
18.77
18.75
19.11
20.55
20.15
19.90
19.51
19.75
19.55
19.12
18.78
19.45
19.41
18.90
18.81
19.05
19.05
19.05
19.05
19.09
19.40
19.40
19.40
19.18
19.70
20.00
19.46
19.45
19.10
18.39
18.25
17.60
17.43
17.38
17.95
17.80
17.62
17.78
17.93
17.90
17.90
17.30
16.71
16.58
17.06
16.68
16.00
15.80
15.45
15.50
15.00
15.94
15.78
15.70
15.85
15.23
15.29
15.34
15.39
15.92
15.22
15.48
15.77
16.37
16.35
16.60
17.04
16.75
17.11
17.40
17.60
17.17
16.70
16.94
16.91
17.10
17.00
16.67
16.63
16.77
17.17
17.00
17.12
17.21
17.30
17.30
