88.80
86.50
88.00
91.80
90.80
90.55
91.15
91.80
94.65
93.70
94.50
93.60
97.50
99.10
98.60
99.66
100.30
102.60
102.88
100.88
104.95
103.95
103.65
98.00
96.70
96.10
99.30
99.25
99.10
99.40
99.95
100.40
97.45
97.52
95.95
95.80
95.55
91.30
90.00
87.80
89.50
90.90
90.00
87.10
88.60
88.50
91.85
90.60
91.50
90.00
86.50
86.50
82.10
82.50
80.25
78.90
81.60
78.10
74.00
77.00
81.80
84.55
83.30
84.60
86.50
83.80
80.50
81.40
83.75
84.00
82.95
85.10
86.10
87.50
87.50
87.50
86.20
90.00
89.80
88.15
87.30
88.45
89.30
90.10
91.40
91.75
91.75
90.00
89.50
90.20
89.70
90.48
90.60
92.84
91.90
91.00
91.80
91.41
93.80
93.15
94.10
94.00
93.50
93.70
91.50
91.65
91.10
90.65
90.60
89.00
89.70
89.99
89.40
89.00
89.00
88.50
86.00
86.60
86.01
85.00
84.50
86.35
85.60
86.80
87.20
88.00
85.30
85.80
85.30
84.40
85.85
85.85
85.22
83.70
81.15
80.50
79.90
77.88
80.70
82.60
82.10
81.20
79.60
81.25
79.95
79.80
77.95
75.50
77.00
78.60
79.30
79.99
78.10
78.25
78.60
77.65
78.75
77.55
76.05
74.45
75.00
76.60
76.90
77.40
75.10
74.45
75.75
76.85
76.20
78.90
79.85
77.50
77.70
75.80
76.00
74.80
76.00
74.00
70.85
66.70
65.00
57.45
58.70
61.05
57.45
58.60
55.95
50.60
46.55
49.75
54.80
55.75
55.55
56.45
59.85
56.90
58.30
58.80
62.00
62.10
61.40
61.00
61.20
64.45
63.50
60.40
61.50
62.20
61.50
59.65
59.75
60.70
62.40
61.90
63.75
61.70
58.30
61.50
63.30
64.45
67.65
67.90
69.95
71.40
70.74
69.45
73.30
72.50
74.30
74.00
75.95
74.55
74.50
74.40
73.60
73.98
74.50
73.10
71.75
72.30
71.30
72.25
75.45
77.25
77.10
76.18
76.20
74.77
74.00
73.95
75.70
76.25
75.50
75.20
76.20
76.20
76.20
76.20
78.85
79.30
79.30
79.30
79.10
80.30
81.98
80.75
79.00
79.10
78.25
78.90
77.00
76.85
75.30
78.00
77.80
76.05
76.00
76.50
76.90
75.25
75.00
73.20
70.70
71.70
72.50
70.00
67.28
66.77
68.60
67.35
68.72
67.80
68.02
70.10
68.65
67.65
64.40
63.25
65.00
64.95
65.60
66.30
67.40
68.30
69.00
72.50
72.70
73.60
73.20
74.00
74.00
72.45
70.65
71.09
71.95
72.20
74.00
72.50
72.00
72.75
73.00
73.66
73.50
73.30
73.30
