123.80
108.00
103.00
104.80
99.80
112.80
123.20
130.50
140.80
137.50
131.00
139.50
148.10
148.00
149.00
150.20
144.20
156.50
159.00
158.50
157.50
158.50
163.20
158.00
159.00
154.50
156.00
150.10
151.00
144.00
145.00
145.00
141.00
151.00
147.20
147.00
148.00
148.50
139.50
126.50
133.00
133.20
167.40
157.00
147.80
152.00
159.50
164.00
159.50
153.00
141.50
137.50
139.00
142.00
129.90
125.60
135.80
127.00
128.80
133.20
137.50
142.20
135.20
129.50
129.50
122.90
108.10
116.00
128.00
125.00
125.00
130.20
134.50
138.30
138.30
138.30
134.00
150.00
164.50
161.80
156.50
163.00
165.00
171.00
175.50
179.10
179.10
172.30
163.50
167.00
171.10
170.40
166.00
172.00
168.40
163.50
167.10
163.20
172.00
169.70
171.50
177.90
178.00
180.40
178.70
178.00
170.10
163.20
165.40
164.40
169.90
175.70
173.50
173.90
175.20
173.00
166.30
170.50
159.90
154.40
154.50
164.80
165.50
166.50
168.60
166.00
159.30
162.30
167.00
162.90
165.00
157.80
155.60
151.50
141.40
138.80
141.20
141.50
151.10
157.10
152.00
148.00
141.90
157.90
155.10
158.30
156.60
152.49
155.90
160.60
163.10
164.80
169.99
171.50
165.80
165.20
167.20
164.00
159.50
158.00
159.70
164.60
160.80
156.40
155.50
150.50
154.50
155.10
154.30
160.20
160.10
157.60
155.60
149.00
149.90
138.90
143.90
139.00
127.90
128.70
121.70
116.40
118.60
117.30
111.00
113.80
110.00
100.50
101.00
101.50
109.00
108.30
109.30
109.40
116.30
112.00
115.30
127.00
131.60
125.70
125.85
123.60
128.40
134.50
130.30
128.20
124.00
125.60
111.10
110.90
116.10
117.60
120.80
114.70
117.95
112.30
110.60
114.00
118.00
116.60
123.40
127.65
131.80
135.50
129.95
127.70
130.20
125.60
129.00
126.50
130.40
130.00
129.50
132.50
132.90
132.50
132.00
129.00
132.00
138.45
139.70
143.70
154.00
154.00
150.80
146.40
148.50
147.00
141.10
141.50
146.40
150.10
147.20
144.10
144.00
144.00
144.00
144.00
145.50
147.21
147.21
147.21
142.30
147.65
153.40
153.40
148.00
166.80
161.80
166.20
160.90
163.00
159.80
162.80
160.60
156.69
156.30
164.30
167.00
168.90
166.90
164.00
158.80
162.00
163.50
160.10
158.30
156.00
154.80
148.00
155.50
157.00
159.45
161.30
158.12
154.01
151.40
151.00
155.15
149.78
154.80
156.20
158.40
158.00
158.30
163.80
163.20
165.00
166.80
166.20
166.00
165.11
165.50
166.20
170.00
174.00
176.50
170.00
167.70
170.70
169.50
171.00
173.00
174.00
174.00
