92.83
91.13
91.00
93.80
93.33
93.47
94.40
92.00
94.00
97.00
98.27
96.47
100.87
101.20
104.33
103.00
102.67
105.00
104.87
103.00
102.33
100.87
103.07
102.33
101.47
100.20
100.40
97.53
97.83
95.47
95.80
97.00
94.67
98.13
95.47
93.80
91.40
89.33
87.40
81.47
84.73
84.87
84.13
81.60
84.00
86.27
90.60
89.33
88.33
84.00
80.67
78.80
75.47
78.67
76.00
75.67
78.33
74.47
70.33
73.80
79.00
82.60
79.67
79.40
78.00
75.87
72.13
73.13
76.80
75.67
75.73
79.47
83.07
83.97
83.97
83.97
79.93
86.00
86.80
84.33
83.33
83.80
84.83
81.33
80.00
83.00
83.00
85.00
83.25
84.50
84.50
84.30
83.10
84.70
84.20
83.00
82.90
84.00
87.50
88.00
89.90
91.10
90.20
91.40
90.50
89.80
88.50
85.00
85.10
83.30
83.40
84.98
84.50
84.65
84.50
83.60
79.90
80.00
78.20
75.30
73.30
75.20
71.40
71.40
71.00
72.80
71.50
69.10
71.20
71.50
73.00
73.50
71.50
68.00
64.30
62.10
61.25
60.90
63.30
63.60
61.20
61.90
60.05
61.20
60.00
61.00
56.90
57.20
59.50
61.90
62.80
63.85
64.50
65.55
64.30
63.10
63.20
61.80
59.50
58.85
59.60
60.50
59.30
56.85
55.00
54.10
54.50
55.80
55.90
59.65
59.70
58.60
58.90
55.40
56.40
54.40
56.40
53.01
51.10
48.70
47.40
45.30
46.00
45.20
43.00
44.00
43.30
40.90
37.55
38.50
40.70
40.00
41.80
42.00
41.40
41.60
40.80
41.30
45.80
43.25
44.40
45.00
47.45
49.45
48.25
47.50
49.70
50.90
49.50
48.50
49.70
51.40
55.00
54.30
56.70
55.00
51.40
52.90
54.40
54.00
55.77
56.60
57.50
59.91
59.35
56.75
57.90
62.05
66.80
68.00
67.80
66.50
65.60
67.78
68.10
68.75
68.40
65.80
64.55
65.90
66.00
66.80
73.00
74.50
72.60
69.40
71.90
69.90
68.80
68.00
71.80
71.20
70.50
69.20
70.70
70.70
70.70
70.70
73.90
74.85
74.85
74.85
73.70
77.70
77.20
76.40
76.60
78.50
75.75
75.90
72.95
73.35
69.55
72.60
71.50
70.20
69.15
70.50
70.80
71.20
70.40
69.50
69.20
68.85
69.10
67.00
65.05
63.85
65.40
64.60
66.75
66.01
66.00
66.90
65.25
65.60
64.60
63.50
65.30
62.50
64.15
65.50
68.40
68.30
68.90
72.30
73.95
74.90
76.00
77.55
77.15
75.18
73.70
74.10
75.35
76.50
76.20
73.95
73.30
74.70
74.00
74.50
74.25
75.00
75.00
